<LAY>	Default	#ffbf23c5	6	2
<LAY>	Red Layer	Red	6	4
<LAY>	Green Layer	#ff1af01a	6	4
<LAY>	Blue Layer	#ff19b3bd	6	4
<PT>	0	313	236
<PT>	0	441	374
<PT>	0	503	211
<PT>	0	298	366
<PT>	0	92	163
<PT>	0	173	318
<PT>	2	157	120
<PT>	2	419	136
<PT>	1	214	223
<PT>	1	269	67
<PT>	3	223	422
<PT>	3	543	525
<PT>	3	706	315
<PT>	3	577	172
<PT>	3	573	254
<PT>	3	180	516
<PT>	3	194	629
<PT>	3	482	634
<PT>	3	299	525
<LN>	0	313	236	441	374
<LN>	0	503	211	298	366
<LN>	0	92	163	173	318
<LN>	2	157	120	419	136
<LN>	1	214	223	269	67
<LN>	3	223	422	543	525
<CL>	3	706	315	83,00602387778854
<LN>	3	577	172	573	254
